------------------
140733739602944
0 1
1 1
2 1
3 1
4 1
5 1
6 1
7 1
10 8
------------------
------------------
140733739603008
8 1
9 1
10 2
------------------
------------------
6300672
0 20
1 100
2 40
------------------
------------------
6300736
2 60
3 100
------------------
------------------
6300800
4 100
5 60
------------------
------------------
6300864
5 40
6 100
7 20
------------------
------------------
6300928
8 80
7 80
------------------
------------------
6300992
8 20
9 100
------------------
