2
140728201126616
6300720
6300720
6300720
6300720
6300720
6300720
6300720
6300720
6300720
6300720
6300724
6300724
6300724
6300724
6300724
6300724
6300724
6300724
6300724
6300724
6300728
6300728
6300728
6300728
6300728
6300728
6300728
6300728
6300728
6300728
6300732
6300732
6300732
6300732
6300732
6300732
6300732
6300732
6300732
6300732
6300736
6300736
6300736
6300736
6300736
6300736
6300736
6300736
6300736
6300736
6300740
6300740
6300740
6300740
6300740
6300740
6300740
6300740
6300740
6300740
6300744
6300744
6300744
6300744
6300744
6300744
6300744
6300744
6300744
6300744
6300748
6300748
6300748
6300748
6300748
6300748
6300748
6300748
6300748
6300748
6300752
6300752
6300752
6300752
6300752
6300752
6300752
6300752
6300752
6300752
6300756
6300756
6300756
6300756
6300756
6300756
6300756
6300756
6300756
6300756
