0
140728201126608
6300640
6300640
6300640
6300640
6300640
6300640
6300640
6300640
6300640
6300640
6300644
6300644
6300644
6300644
6300644
6300644
6300644
6300644
6300644
6300644
6300648
6300648
6300648
6300648
6300648
6300648
6300648
6300648
6300648
6300648
6300652
6300652
6300652
6300652
6300652
6300652
6300652
6300652
6300652
6300652
6300656
6300656
6300656
6300656
6300656
6300656
6300656
6300656
6300656
6300656
6300660
6300660
6300660
6300660
6300660
6300660
6300660
6300660
6300660
6300660
6300664
6300664
6300664
6300664
6300664
6300664
6300664
6300664
6300664
6300664
6300668
6300668
6300668
6300668
6300668
6300668
6300668
6300668
6300668
6300668
6300672
6300672
6300672
6300672
6300672
6300672
6300672
6300672
6300672
6300672
6300676
6300676
6300676
6300676
6300676
6300676
6300676
6300676
6300676
6300676
