9
140728201126644
6301000
6301000
6301000
6301000
6301000
6301000
6301000
6301000
6301000
6301000
6301004
6301004
6301004
6301004
6301004
6301004
6301004
6301004
6301004
6301004
6301008
6301008
6301008
6301008
6301008
6301008
6301008
6301008
6301008
6301008
6301012
6301012
6301012
6301012
6301012
6301012
6301012
6301012
6301012
6301012
6301016
6301016
6301016
6301016
6301016
6301016
6301016
6301016
6301016
6301016
6301020
6301020
6301020
6301020
6301020
6301020
6301020
6301020
6301020
6301020
6301024
6301024
6301024
6301024
6301024
6301024
6301024
6301024
6301024
6301024
6301028
6301028
6301028
6301028
6301028
6301028
6301028
6301028
6301028
6301028
6301032
6301032
6301032
6301032
6301032
6301032
6301032
6301032
6301032
6301032
6301036
6301036
6301036
6301036
6301036
6301036
6301036
6301036
6301036
6301036
