1
140728201126612
6300680
6300680
6300680
6300680
6300680
6300680
6300680
6300680
6300680
6300680
6300684
6300684
6300684
6300684
6300684
6300684
6300684
6300684
6300684
6300684
6300688
6300688
6300688
6300688
6300688
6300688
6300688
6300688
6300688
6300688
6300692
6300692
6300692
6300692
6300692
6300692
6300692
6300692
6300692
6300692
6300696
6300696
6300696
6300696
6300696
6300696
6300696
6300696
6300696
6300696
6300700
6300700
6300700
6300700
6300700
6300700
6300700
6300700
6300700
6300700
6300704
6300704
6300704
6300704
6300704
6300704
6300704
6300704
6300704
6300704
6300708
6300708
6300708
6300708
6300708
6300708
6300708
6300708
6300708
6300708
6300712
6300712
6300712
6300712
6300712
6300712
6300712
6300712
6300712
6300712
6300716
6300716
6300716
6300716
6300716
6300716
6300716
6300716
6300716
6300716
