3
140728201126620
6300760
6300760
6300760
6300760
6300760
6300760
6300760
6300760
6300760
6300760
6300764
6300764
6300764
6300764
6300764
6300764
6300764
6300764
6300764
6300764
6300768
6300768
6300768
6300768
6300768
6300768
6300768
6300768
6300768
6300768
6300772
6300772
6300772
6300772
6300772
6300772
6300772
6300772
6300772
6300772
6300776
6300776
6300776
6300776
6300776
6300776
6300776
6300776
6300776
6300776
6300780
6300780
6300780
6300780
6300780
6300780
6300780
6300780
6300780
6300780
6300784
6300784
6300784
6300784
6300784
6300784
6300784
6300784
6300784
6300784
6300788
6300788
6300788
6300788
6300788
6300788
6300788
6300788
6300788
6300788
6300792
6300792
6300792
6300792
6300792
6300792
6300792
6300792
6300792
6300792
6300796
6300796
6300796
6300796
6300796
6300796
6300796
6300796
6300796
6300796
