7
140728201126636
6300920
6300920
6300920
6300920
6300920
6300920
6300920
6300920
6300920
6300920
6300924
6300924
6300924
6300924
6300924
6300924
6300924
6300924
6300924
6300924
6300928
6300928
6300928
6300928
6300928
6300928
6300928
6300928
6300928
6300928
6300932
6300932
6300932
6300932
6300932
6300932
6300932
6300932
6300932
6300932
6300936
6300936
6300936
6300936
6300936
6300936
6300936
6300936
6300936
6300936
6300940
6300940
6300940
6300940
6300940
6300940
6300940
6300940
6300940
6300940
6300944
6300944
6300944
6300944
6300944
6300944
6300944
6300944
6300944
6300944
6300948
6300948
6300948
6300948
6300948
6300948
6300948
6300948
6300948
6300948
6300952
6300952
6300952
6300952
6300952
6300952
6300952
6300952
6300952
6300952
6300956
6300956
6300956
6300956
6300956
6300956
6300956
6300956
6300956
6300956
