4
140728201126624
6300800
6300800
6300800
6300800
6300800
6300800
6300800
6300800
6300800
6300800
6300804
6300804
6300804
6300804
6300804
6300804
6300804
6300804
6300804
6300804
6300808
6300808
6300808
6300808
6300808
6300808
6300808
6300808
6300808
6300808
6300812
6300812
6300812
6300812
6300812
6300812
6300812
6300812
6300812
6300812
6300816
6300816
6300816
6300816
6300816
6300816
6300816
6300816
6300816
6300816
6300820
6300820
6300820
6300820
6300820
6300820
6300820
6300820
6300820
6300820
6300824
6300824
6300824
6300824
6300824
6300824
6300824
6300824
6300824
6300824
6300828
6300828
6300828
6300828
6300828
6300828
6300828
6300828
6300828
6300828
6300832
6300832
6300832
6300832
6300832
6300832
6300832
6300832
6300832
6300832
6300836
6300836
6300836
6300836
6300836
6300836
6300836
6300836
6300836
6300836
