6
140728201126632
6300880
6300880
6300880
6300880
6300880
6300880
6300880
6300880
6300880
6300880
6300884
6300884
6300884
6300884
6300884
6300884
6300884
6300884
6300884
6300884
6300888
6300888
6300888
6300888
6300888
6300888
6300888
6300888
6300888
6300888
6300892
6300892
6300892
6300892
6300892
6300892
6300892
6300892
6300892
6300892
6300896
6300896
6300896
6300896
6300896
6300896
6300896
6300896
6300896
6300896
6300900
6300900
6300900
6300900
6300900
6300900
6300900
6300900
6300900
6300900
6300904
6300904
6300904
6300904
6300904
6300904
6300904
6300904
6300904
6300904
6300908
6300908
6300908
6300908
6300908
6300908
6300908
6300908
6300908
6300908
6300912
6300912
6300912
6300912
6300912
6300912
6300912
6300912
6300912
6300912
6300916
6300916
6300916
6300916
6300916
6300916
6300916
6300916
6300916
6300916
