5
140728201126628
6300840
6300840
6300840
6300840
6300840
6300840
6300840
6300840
6300840
6300840
6300844
6300844
6300844
6300844
6300844
6300844
6300844
6300844
6300844
6300844
6300848
6300848
6300848
6300848
6300848
6300848
6300848
6300848
6300848
6300848
6300852
6300852
6300852
6300852
6300852
6300852
6300852
6300852
6300852
6300852
6300856
6300856
6300856
6300856
6300856
6300856
6300856
6300856
6300856
6300856
6300860
6300860
6300860
6300860
6300860
6300860
6300860
6300860
6300860
6300860
6300864
6300864
6300864
6300864
6300864
6300864
6300864
6300864
6300864
6300864
6300868
6300868
6300868
6300868
6300868
6300868
6300868
6300868
6300868
6300868
6300872
6300872
6300872
6300872
6300872
6300872
6300872
6300872
6300872
6300872
6300876
6300876
6300876
6300876
6300876
6300876
6300876
6300876
6300876
6300876
