8
140728201126640
6300960
6300960
6300960
6300960
6300960
6300960
6300960
6300960
6300960
6300960
6300964
6300964
6300964
6300964
6300964
6300964
6300964
6300964
6300964
6300964
6300968
6300968
6300968
6300968
6300968
6300968
6300968
6300968
6300968
6300968
6300972
6300972
6300972
6300972
6300972
6300972
6300972
6300972
6300972
6300972
6300976
6300976
6300976
6300976
6300976
6300976
6300976
6300976
6300976
6300976
6300980
6300980
6300980
6300980
6300980
6300980
6300980
6300980
6300980
6300980
6300984
6300984
6300984
6300984
6300984
6300984
6300984
6300984
6300984
6300984
6300988
6300988
6300988
6300988
6300988
6300988
6300988
6300988
6300988
6300988
6300992
6300992
6300992
6300992
6300992
6300992
6300992
6300992
6300992
6300992
6300996
6300996
6300996
6300996
6300996
6300996
6300996
6300996
6300996
6300996
