285.000000 240.000000 195.000000 150.000000 105.000000 60.000000 15.000000 -30.000000 -75.000000 -120.000000 
330.000000 275.000000 220.000000 165.000000 110.000000 55.000000 0.000000 -55.000000 -110.000000 -165.000000 
375.000000 310.000000 245.000000 180.000000 115.000000 50.000000 -15.000000 -80.000000 -145.000000 -210.000000 
420.000000 345.000000 270.000000 195.000000 120.000000 45.000000 -30.000000 -105.000000 -180.000000 -255.000000 
465.000000 380.000000 295.000000 210.000000 125.000000 40.000000 -45.000000 -130.000000 -215.000000 -300.000000 
510.000000 415.000000 320.000000 225.000000 130.000000 35.000000 -60.000000 -155.000000 -250.000000 -345.000000 
555.000000 450.000000 345.000000 240.000000 135.000000 30.000000 -75.000000 -180.000000 -285.000000 -390.000000 
600.000000 485.000000 370.000000 255.000000 140.000000 25.000000 -90.000000 -205.000000 -320.000000 -435.000000 
645.000000 520.000000 395.000000 270.000000 145.000000 20.000000 -105.000000 -230.000000 -355.000000 -480.000000 
690.000000 555.000000 420.000000 285.000000 150.000000 15.000000 -120.000000 -255.000000 -390.000000 -525.000000 
